# generated by gltf_to_obj.py from crystal.gltf mesh 3 (Sphere.003)
v 0.497999 1.594496 -0.834029 0.467781 0.090837 0.381323 1.000000
v 0.497999 1.594496 -0.834029 0.467781 0.090837 0.381323 1.000000
v 0.497999 1.594496 -0.834029 0.467781 0.090837 0.381323 1.000000
v 0.497999 1.594496 -0.834029 0.467781 0.090837 0.381323 1.000000
v 0.497999 0.259029 -0.834029 0.278889 0.030716 0.230747 1.000000
v 0.497999 0.259029 -0.834029 0.278889 0.030716 0.230747 1.000000
v 0.497999 0.259029 -0.834029 0.278889 0.030716 0.230747 1.000000
v 0.497999 0.259029 -0.834029 0.278889 0.030716 0.230747 1.000000
v 1.364025 1.594496 0.031996 0.467781 0.090837 0.381323 1.000000
v 1.364025 1.594496 0.031996 0.467781 0.090837 0.381323 1.000000
v 1.364025 1.594496 0.031996 0.467781 0.090837 0.381323 1.000000
v 1.364025 1.594496 0.031996 0.467781 0.090837 0.381323 1.000000
v 1.364025 0.259029 0.031996 0.278889 0.030716 0.230747 1.000000
v 1.364025 0.259029 0.031996 0.278889 0.030716 0.230747 1.000000
v 1.364025 0.259029 0.031996 0.278889 0.030716 0.230747 1.000000
v 1.364025 0.259029 0.031996 0.278889 0.030716 0.230747 1.000000
v 0.497999 2.094496 0.031996 0.617212 0.304982 0.730465 1.000000
v 0.497999 2.094496 0.031996 0.617212 0.304982 0.730465 1.000000
v 0.497999 2.094496 0.031996 0.617212 0.304982 0.730465 1.000000
v 0.497999 2.094496 0.031996 0.617212 0.304982 0.730465 1.000000
v 0.497999 1.594496 0.898022 0.467781 0.090837 0.381323 1.000000
v 0.497999 1.594496 0.898022 0.467781 0.090837 0.381323 1.000000
v 0.497999 1.594496 0.898022 0.467781 0.090837 0.381323 1.000000
v 0.497999 1.594496 0.898022 0.467781 0.090837 0.381323 1.000000
v 0.497999 0.259029 0.898022 0.278889 0.030716 0.230747 1.000000
v 0.497999 0.259029 0.898022 0.278889 0.030716 0.230747 1.000000
v 0.497999 0.259029 0.898022 0.278889 0.030716 0.230747 1.000000
v 0.497999 0.259029 0.898022 0.278889 0.030716 0.230747 1.000000
v -0.368026 1.594496 0.031996 0.467781 0.090837 0.381323 1.000000
v -0.368026 1.594496 0.031996 0.467781 0.090837 0.381323 1.000000
v -0.368026 1.594496 0.031996 0.467781 0.090837 0.381323 1.000000
v -0.368026 1.594496 0.031996 0.467781 0.090837 0.381323 1.000000
v -0.368026 0.259029 0.031996 0.278889 0.030716 0.230747 1.000000
v -0.368026 0.259029 0.031996 0.278889 0.030716 0.230747 1.000000
v -0.368026 0.259029 0.031996 0.278889 0.030716 0.230747 1.000000
v -0.368026 0.259029 0.031996 0.278889 0.030716 0.230747 1.000000
v 0.497999 0.259029 0.031996 0.296132 0.035599 0.242283 1.000000
v 0.497999 0.259029 0.031996 0.296132 0.035599 0.242283 1.000000
v 0.497999 0.259029 0.031996 0.296132 0.035599 0.242283 1.000000
v 0.497999 0.259029 0.031996 0.296132 0.035599 0.242283 1.000000
vt 0.750000 0.666667
vt 0.750000 0.666667
vt 0.750000 0.666667
vt 0.750000 0.666667
vt 0.750000 0.333333
vt 0.750000 0.333333
vt 0.750000 0.333333
vt 0.750000 0.333333
vt 0.500000 0.666667
vt 0.500000 0.666667
vt 0.500000 0.666667
vt 0.500000 0.666667
vt 0.500000 0.333333
vt 0.500000 0.333333
vt 0.500000 0.333333
vt 0.500000 0.333333
vt 0.125000 1.000000
vt 0.875000 1.000000
vt 0.625000 1.000000
vt 0.375000 1.000000
vt 0.250000 0.666667
vt 0.250000 0.666667
vt 0.250000 0.666667
vt 0.250000 0.666667
vt 0.250000 0.333333
vt 0.250000 0.333333
vt 0.250000 0.333333
vt 0.250000 0.333333
vt 0.000000 0.666667
vt 1.000000 0.666667
vt 0.000000 0.666667
vt 1.000000 0.666667
vt 0.000000 0.333333
vt 1.000000 0.333333
vt 0.000000 0.333333
vt 1.000000 0.333333
vt 0.125000 0.000000
vt 0.875000 0.000000
vt 0.625000 0.000000
vt 0.375000 0.000000
vn -0.707107 -0.000000 -0.707107
vn -0.447214 0.774597 -0.447213
vn 0.447213 0.774597 -0.447213
vn 0.707107 -0.000000 -0.707107
vn -0.707107 -0.000000 -0.707107
vn -0.000000 -1.000000 -0.000000
vn 0.000000 -1.000000 -0.000000
vn 0.707107 -0.000000 -0.707107
vn 0.447213 0.774597 -0.447213
vn 0.447214 0.774597 0.447213
vn 0.707107 -0.000000 0.707107
vn 0.707107 -0.000000 -0.707107
vn 0.000000 -1.000000 -0.000000
vn 0.000000 -1.000000 0.000000
vn 0.707107 -0.000000 0.707107
vn 0.707107 -0.000000 -0.707107
vn -0.447214 0.774597 0.447213
vn -0.447214 0.774597 -0.447213
vn 0.447213 0.774597 -0.447213
vn 0.447214 0.774597 0.447213
vn -0.707107 -0.000000 0.707107
vn -0.447214 0.774597 0.447213
vn 0.447214 0.774597 0.447213
vn 0.707107 -0.000000 0.707107
vn -0.707107 -0.000000 0.707107
vn -0.000000 -1.000000 0.000000
vn 0.000000 -1.000000 0.000000
vn 0.707107 -0.000000 0.707107
vn -0.707107 -0.000000 0.707107
vn -0.707107 -0.000000 -0.707107
vn -0.447214 0.774597 0.447213
vn -0.447214 0.774597 -0.447213
vn -0.707107 -0.000000 0.707107
vn -0.707107 -0.000000 -0.707107
vn -0.000000 -1.000000 0.000000
vn -0.000000 -1.000000 -0.000000
vn -0.000000 -1.000000 0.000000
vn -0.000000 -1.000000 -0.000000
vn 0.000000 -1.000000 -0.000000
vn 0.000000 -1.000000 0.000000
f 39/39/39 7/7/7 13/13/13
f 8/8/8 4/4/4 12/12/12
f 8/8/8 12/12/12 16/16/16
f 3/3/3 19/19/19 9/9/9
f 40/40/40 14/14/14 27/27/27
f 15/15/15 11/11/11 24/24/24
f 15/15/15 24/24/24 28/28/28
f 10/10/10 20/20/20 23/23/23
f 37/37/37 26/26/26 35/35/35
f 25/25/25 21/21/21 29/29/29
f 25/25/25 29/29/29 33/33/33
f 22/22/22 17/17/17 31/31/31
f 38/38/38 36/36/36 6/6/6
f 34/34/34 30/30/30 1/1/1
f 34/34/34 1/1/1 5/5/5
f 32/32/32 18/18/18 2/2/2
